% -------------------------------------------------------------------
%  Generated by MATLAB on 27-Feb-2019 16:15:52
%  MATLAB version: 9.1.0.441655 (R2016b)
% -------------------------------------------------------------------
                               

bhp_p = [49.454833258521354; 133.20927636164788; 72.206250217892858; 115.82797692711456; ...
         94.461492614148781; 119.65723123656508; 25.950289414979629; 146.9989439223969; ...
         128.80353456713686; 17.090509673876078; 75.268256730689032; 55.591458492724691; ...
         98.228717499964958; 42.241882928874325; 91.183896259380461; 94.441884861585521; ...
         93.983073416599979; 72.779903253748131; 14.959284495590385; 81.934076905358708; ...
         67.082222648169179; 25.126445126178247; 74.382588051923946; 73.123585514616252; ...
         87.159647012618635; 122.75660438111966; 108.11901019004848; 132.11297054902371; ...
         17.306901340046135; 40.755383596748452; 74.349881415591312; 144.19470345806135; ...
         120.60634997712135; 73.26244526595012; 56.679946104521306; 18.273343775211288; ...
         113.72674240510226; 80.951233367770357; 37.989557839509651; 69.807097154180326; ...
         33.616639019717958; 115.23724271965621; 61.56911782803207; 141.85449133358381; ...
         12.404155727500422; 126.06782722903209; 97.722736493738623; 85.424512122010682; ...
         101.07106895320848; 111.72813452291199; 23.228398948880983; 132.86035080307238; ...
         12.010700152438011; 51.202367758473216; 35.188082990593621; 139.681197547713; ...
         19.545261155784839; 91.353051860988813; 99.201171153531462; 101.17769706709191; ...
         131.04708175469742; 17.833354116982925; 124.35972432833903; 84.049145285979989; ...
         107.20907848714182; 39.736685479456767; 86.059192474979156; 108.35283810148492; ...
         143.90083801646566; 72.235902802285992; 21.955696313770293; 18.027620655776047; ...
         98.1230680539271; 121.46506930978414; 106.76678660014009; 58.343100710123174; ...
         142.55433340262323; 82.826644549606812; 143.53382352770976; 20.303389013147992; ...
         38.984472730230365; 118.50389395747544; 137.9862949741283; 119.55709067944196; ...
         51.374787463082633; 31.258401124027838; 128.7074731239295; 119.87964275304094; ...
         47.916410301184428; 41.893498674258723; 54.943250392453152; 126.13865261588344; ...
         125.10550724413662; 89.895599067462967; 90.05614907203865; 50.042558149913233; ...
         107.87869830216925; 121.4761120594208; 71.822467861171191; 72.470185636771021; ...
         ];

qOs_p = [116.95304683581658; 47.093344733246795; 78.203508576901683; 66.913884506872165; ...
         83.866387780891785; 85.84768154454548; 112.54345700874056; 47.992467548292488; ...
         74.453965551012047; 112.94049963181395; 59.627293243768349; 66.874498557794084; ...
         50.986280115993495; 98.426443811306044; 42.776887270376413; 65.481039394289013; ...
         81.774591556515944; 76.969819624988034; 89.619700378083564; 49.195226250015658; ...
         67.138325016373713; 86.109553510034061; 60.580144347186788; 51.779175383836332; ...
         41.472799296035866; 46.279959721790924; 51.170735407758634; 48.081773314064876; ...
         70.14160061788148; 48.845570152121489; 35.72114715143973; 30.0126542427573; ...
         26.518762195794725; 39.689966046727641; 39.5784885338433; 33.365481375038883; ...
         19.732696433246726; 41.423385838849981; 42.6014506113372; 33.315244971740292; ...
         29.397469780393116; 13.355618526360454; 25.590098314776782; 8.2898199135481043; ...
         50.6396197685633; 6.8876073289582465; 16.945244788943796; 21.994168489069249; ...
         16.002981433779954; 23.312241102823812; 48.418340726868287; 6.8757599522254971; ...
         31.276405199748211; 22.157163266442186; 22.23277046758529; 13.061995610671739; ...
         45.567020465182559; 20.357836857348527; 23.830125464936188; 18.089103855454571; ...
         15.123087930050941; 41.451286601632717; 11.768218921100045; 26.309749165319818; ...
         19.63973913391494; 26.107028750022558; 15.0280078018083; 17.514989738244125; ...
         6.8438233336096328; 18.311538661056868; 29.54096372677671; 19.201040220034983; ...
         8.4348372162985328; 14.107440966662681; 20.511603575481072; 22.662591241565032; ...
         1.7615128144150418; 8.4251228854346127; 5.8625124780445823; 24.636357609431219; ...
         20.232630518191939; 9.40704174126308; 10.272788936211372; 12.220331188043254; ...
         15.216770184202499; 20.171266804861666; 5.1143462055646767; 3.965950929839015; ...
         17.374620206925762; 13.731899648800248; 5.015732013860684; 6.6284116545723606; ...
         7.0299689363776157; 8.81645021800836; 5.0063288572040632; 9.9423700878532877; ...
         1.7322244813953673; 7.6176882681530333; 8.5784007534383662; 6.6833491885483065; ...
         ];

qWs_i = [109.0264144979634; 43.774342977557552; 57.3329792639553; 112.91445081847337; ...
         82.9988959941757; 128.53407487637176; 33.27941594245285; 108.69921091514739; ...
         90.392221428527577; 38.752927896015187; 66.191029389850669; 56.912139424872748; ...
         81.148050610097215; 105.47123375163382; 21.349118575380015; 108.00164780152836; ...
         110.37780248229431; 51.52107532267712; 60.661202198011217; 77.858055859198345; ...
         93.411759434088808; 98.449141805181412; 100.31366685909022; 55.709015241333688; ...
         60.568428585580349; 124.31944977127968; 77.946616585037788; 111.42237967829077; ...
         42.066729459433112; 83.9162644888404; 79.808229370853681; 125.18114562401371; ...
         19.030789983238684; 69.180345928413871; 71.73148726920472; 19.546479622357829; ...
         118.06845738331754; 115.61568600215273; 61.740190096804206; 103.19716725846044; ...
         26.598329175234689; 83.612934561474972; 40.165040259549123; 62.546575335731028; ...
         110.73018090800828; 32.37294696973224; 45.393892291184841; 67.099310913139192; ...
         49.501744826639033; 105.22484593892659; 128.08649709490413; 27.878392219220839; ...
         37.292978579023583; 93.582543087508029; 54.057052319895341; 126.41934502756608; ...
         126.25008001607577; 86.501716058013116; 112.67756014427928; 57.251815823058038; ...
         85.078349323353208; 127.81422390361787; 76.31438702822085; 121.5672781402736; ...
         95.77271419785049; 67.189298993620866; 85.937200970721619; 116.00855529800653; ...
         32.679197291965515; 56.463504497622225; 128.65352458983213; 57.308451584572296; ...
         88.33527995058175; 117.66706896225455; 129.04137968760352; 87.646630481213762; ...
         21.756470313403067; 13.008353165006266; 83.404316275121943; 77.241782015181542; ...
         124.99924500813225; 98.888917580908654; 88.777947266707486; 71.939978995116689; ...
         40.076812288352713; 125.00276604618027; 73.983080377635389; 12.301478967255226; ...
         92.866197494209956; 71.504866462109419; 15.780336013175999; 116.29878277128466; ...
         48.581263254495923; 36.424656894490617; 22.423227735738081; 46.249211419348164; ...
         36.2711736855388; 87.505577346568714; 16.642728671413607; 41.95617970797651; ...
         ];

